           Data Load Time (s)                                
                          min        max       mean       std
Dataset ID                                                   
0.0                 11.275387  12.447597  11.740766  0.090322
1.0                 11.367691  12.623097  11.682782  0.140916
2.0                 10.128499  10.939713  10.524401  0.097851
                                       Runtime (s)
Dataset ID Batch Size Architecture ID             
0.0        64.0       0.0                 2.123025
                      1.0                 2.459565
                      2.0                 2.451244
                      3.0                 2.457471
                      4.0                 2.770441
                      5.0                 2.776653
                      6.0                 2.785708
                      7.0                 2.786135
                      8.0                 3.130429
                      9.0                 3.106514
                      10.0                3.138369
                      11.0                3.146618
                      12.0                3.451067
                      13.0                3.444230
                      14.0                3.466873
                      15.0                3.473709
                      16.0                3.784867
                      17.0                3.800461
                      18.0                3.849449
                      19.0                3.863835
           128.0      0.0                 1.356367
                      1.0                 1.472506
                      2.0                 1.462621
                      3.0                 1.467252
                      4.0                 1.597021
                      5.0                 1.613400
                      6.0                 1.613976
                      7.0                 1.619256
                      8.0                 1.761925
                      9.0                 1.763344
                      10.0                1.778140
                      11.0                1.780664
                      12.0                1.941468
                      13.0                1.915535
                      14.0                1.957483
                      15.0                1.964392
                      16.0                2.093141
                      17.0                2.090065
                      18.0                2.121506
                      19.0                2.132614
           256.0      0.0                 0.974104
                      1.0                 1.030020
                      2.0                 0.990175
                      3.0                 0.987986
                      4.0                 1.080575
                      5.0                 1.045171
                      6.0                 1.046589
                      7.0                 1.059652
                      8.0                 1.108198
                      9.0                 1.113025
                      10.0                1.086598
                      11.0                1.117120
                      12.0                1.173315
                      13.0                1.169963
                      14.0                1.172613
                      15.0                1.180676
                      16.0                1.248381
                      17.0                1.221741
                      18.0                1.253935
                      19.0                1.239584
1.0        64.0       0.0                 2.133419
                      1.0                 2.472576
                      2.0                 2.455900
                      3.0                 2.457131
                      4.0                 2.772202
                      5.0                 2.764884
                      6.0                 2.761062
                      7.0                 2.767607
                      8.0                 3.100599
                      9.0                 3.097354
                      10.0                3.108043
                      11.0                3.123254
                      12.0                3.426997
                      13.0                3.425356
                      14.0                3.437619
                      15.0                3.450779
                      16.0                3.768190
                      17.0                3.788109
                      18.0                3.818108
                      19.0                3.821960
           128.0      0.0                 1.354092
                      1.0                 1.475614
                      2.0                 1.458951
                      3.0                 1.459393
                      4.0                 1.590117
                      5.0                 1.615319
                      6.0                 1.609957
                      7.0                 1.613283
                      8.0                 1.760029
                      9.0                 1.764733
                      10.0                1.777907
                      11.0                1.775886
                      12.0                1.935178
                      13.0                1.910285
                      14.0                1.952603
                      15.0                1.954086
                      16.0                2.082942
                      17.0                2.072047
                      18.0                2.101370
                      19.0                2.102238
           256.0      0.0                 0.984908
                      1.0                 1.038758
                      2.0                 1.007659
                      3.0                 1.004348
                      4.0                 1.095036
                      5.0                 1.075832
                      6.0                 1.063912
                      7.0                 1.066417
                      8.0                 1.133207
                      9.0                 1.133374
                      10.0                1.101269
                      11.0                1.122740
                      12.0                1.199633
                      13.0                1.202687
                      14.0                1.192612
                      15.0                1.191790
                      16.0                1.259902
                      17.0                1.246378
                      18.0                1.264279
                      19.0                1.252342
2.0        64.0       0.0                 1.988081
                      1.0                 2.203250
                      2.0                 2.223420
                      3.0                 2.229879
                      4.0                 2.447964
                      5.0                 2.443379
                      6.0                 2.458286
                      7.0                 2.471584
                      8.0                 2.727396
                      9.0                 2.745723
                      10.0                2.765569
                      11.0                2.772110
                      12.0                2.997174
                      13.0                3.022261
                      14.0                3.023909
                      15.0                3.053054
                      16.0                3.303325
                      17.0                3.339569
                      18.0                3.340002
                      19.0                3.330434
           128.0      0.0                 1.316604
                      1.0                 1.404618
                      2.0                 1.420314
                      3.0                 1.395356
                      4.0                 1.493384
                      5.0                 1.509600
                      6.0                 1.509390
                      7.0                 1.527980
                      8.0                 1.607348
                      9.0                 1.612813
                      10.0                1.620808
                      11.0                1.614423
                      12.0                1.707221
                      13.0                1.691248
                      14.0                1.723415
                      15.0                1.720116
                      16.0                1.803092
                      17.0                1.774021
                      18.0                1.829363
                      19.0                1.820704
           256.0      0.0                 1.005303
                      1.0                 1.062654
                      2.0                 1.072582
                      3.0                 1.012629
                      4.0                 1.111773
                      5.0                 1.117728
                      6.0                 1.123896
                      7.0                 1.131459
                      8.0                 1.168582
                      9.0                 1.174384
                      10.0                1.137810
                      11.0                1.124876
                      12.0                1.207274
                      13.0                1.209728
                      14.0                1.224321
                      15.0                1.174585
                      16.0                1.250044
                      17.0                1.258895
                      18.0                1.224010
                      19.0                1.177430
                            Runtime (s)
Optimizer ID Learning Rate             
0.0          0.0001            1.860115
             0.0010            1.863023
             0.0100            1.860284
1.0          0.0001            2.025952
             0.0010            2.029219
             0.0100            2.027447
                         Accuracy (Training)  Accuracy (Testing)
Batch Size Optimizer ID                                         
64.0       0.0                      0.509852            0.503135
           1.0                      0.753778            0.729618
128.0      0.0                      0.444659            0.444372
           1.0                      0.767404            0.744640
256.0      0.0                      0.383251            0.383816
           1.0                      0.765952            0.745405
                                       Accuracy (Training)  Accuracy (Testing)
Dataset ID Optimizer ID Learning Rate                                         
0.0        0.0          0.0001                    0.231121            0.234977
                        0.0010                    0.513955            0.523373
                        0.0100                    0.878255            0.881922
           1.0          0.0001                    0.956155            0.952761
                        0.0010                    0.985226            0.971497
                        0.0100                    0.953506            0.940430
1.0        0.0          0.0001                    0.248778            0.248918
                        0.0010                    0.531431            0.530447
                        0.0100                    0.810749            0.797655
           1.0          0.0001                    0.871591            0.854139
                        0.0010                    0.918055            0.877731
                        0.0100                    0.879225            0.851912
2.0        0.0          0.0001                    0.147370            0.148091
                        0.0010                    0.236948            0.238278
                        0.0100                    0.414678            0.390306
           1.0          0.0001                    0.482621            0.459168
                        0.0010                    0.528203            0.471349
                        0.0100                    0.286820            0.280000
        Batch Size  Dataset ID  Learning Rate  Optimizer ID  Architecture ID  Trial Number  Epoch      Seed  Data Load Time (s)  Runtime (s)  Loss (Training)  Accuracy (Training)  F1 Score (Training)  Loss (Testing)  Accuracy (Testing)  F1 Score (Testing)       Gap
11791         64.0         0.0         0.0010           1.0             18.0           2.0   42.0  460904.0           11.772052     4.069805         0.001306             0.999733             0.999727        0.124995              0.9870            0.986912  0.012733
11792         64.0         0.0         0.0010           1.0             18.0           2.0   43.0  460904.0           11.772052     4.192876         0.000370             0.999950             0.999951        0.135338              0.9864            0.986337  0.013550
65297        128.0         0.0         0.0010           1.0             15.0           1.0   48.0  459248.0           11.774296     2.056786         0.002389             0.999300             0.999289        0.081336              0.9864            0.986266  0.012900
65296        128.0         0.0         0.0010           1.0             15.0           1.0   47.0  459248.0           11.774296     2.032682         0.004826             0.998633             0.998624        0.085941              0.9862            0.986102  0.012433
11921         64.0         0.0         0.0010           1.0             19.0           2.0   22.0   54483.0           11.747502     4.109616         0.009549             0.997550             0.997534        0.090800              0.9861            0.986020  0.011450
11372         64.0         0.0         0.0010           1.0             15.0           3.0   23.0  280833.0           11.845639     3.663499         0.006836             0.997850             0.997837        0.084521              0.9860            0.985862  0.011850
11389         64.0         0.0         0.0010           1.0             15.0           3.0   40.0  280833.0           11.845639     3.509278         0.003569             0.999183             0.999182        0.110009              0.9859            0.985748  0.013283
118641       256.0         0.0         0.0010           1.0             10.0           3.0   42.0    2626.0           11.772512     1.090066         0.000004             1.000000             1.000000        0.116173              0.9856            0.985475  0.014400
118638       256.0         0.0         0.0010           1.0             10.0           3.0   39.0    2626.0           11.772512     1.131641         0.000008             1.000000             1.000000        0.110667              0.9856            0.985485  0.014400
11948         64.0         0.0         0.0010           1.0             19.0           2.0   49.0   54483.0           11.747502     4.045511         0.006635             0.998750             0.998752        0.159282              0.9856            0.985542  0.013150
137994       256.0         1.0         0.0010           1.0             19.0           3.0   45.0  837902.0           11.708965     1.294402         0.083292             0.968467             0.968457        0.465987              0.9021            0.902159  0.066367
29891         64.0         1.0         0.0010           1.0             19.0           1.0   42.0  379255.0           11.612367     4.013607         0.088784             0.965633             0.965612        0.508042              0.9018            0.901794  0.063833
83881        128.0         1.0         0.0010           1.0             19.0           1.0   32.0  710711.0           11.787188     2.214050         0.114721             0.955300             0.955234        0.406553              0.9018            0.901483  0.053500
83991        128.0         1.0         0.0010           1.0             19.0           3.0   42.0  496882.0           11.656091     2.228279         0.088719             0.965767             0.965743        0.518132              0.9018            0.902037  0.063967
29899         64.0         1.0         0.0010           1.0             19.0           1.0   50.0  379255.0           11.612367     3.969485         0.073432             0.971533             0.971534        0.537675              0.9018            0.901716  0.069733
135598       256.0         1.0         0.0010           1.0              3.0           3.0   49.0  497046.0           11.783117     1.011042         0.080455             0.971400             0.971376        0.394319              0.9013            0.901035  0.070100
29748         64.0         1.0         0.0010           1.0             18.0           1.0   49.0  481548.0           11.608020     4.096367         0.084803             0.967717             0.967698        0.525409              0.9009            0.900663  0.066817
136798       256.0         1.0         0.0010           1.0             11.0           3.0   49.0  878670.0           11.543341     1.135875         0.072938             0.972017             0.971998        0.493674              0.9008            0.900068  0.071217
137774       256.0         1.0         0.0010           1.0             18.0           2.0   25.0  471130.0           11.604865     1.292606         0.160377             0.939517             0.939407        0.347272              0.9008            0.900031  0.038717
29888         64.0         1.0         0.0010           1.0             19.0           1.0   39.0  379255.0           11.612367     4.026318         0.102613             0.961033             0.961010        0.440583              0.9008            0.900873  0.060233
161945       256.0         2.0         0.0001           1.0             19.0           2.0   46.0  948413.0           10.503665     1.213643         0.960752             0.656520             0.653841        1.316717              0.5565            0.557639  0.100020
53994         64.0         2.0         0.0001           1.0             19.0           3.0   45.0    7153.0           10.561623     3.467233         0.539062             0.807780             0.807117        1.685177              0.5561            0.557323  0.251680
53935         64.0         2.0         0.0001           1.0             19.0           2.0   36.0  133946.0           10.727036     3.501367         0.751942             0.731680             0.730389        1.456598              0.5552            0.550061  0.176480
53876         64.0         2.0         0.0001           1.0             19.0           1.0   27.0  113238.0           10.542731     3.486680         0.997838             0.644380             0.642377        1.306783              0.5545            0.551257  0.089880
107935       128.0         2.0         0.0001           1.0             19.0           2.0   36.0  195133.0           10.383993     1.870049         0.908334             0.675900             0.673941        1.327600              0.5542            0.551997  0.121700
161948       256.0         2.0         0.0001           1.0             19.0           2.0   49.0  948413.0           10.503665     1.209589         0.922290             0.669840             0.667507        1.346720              0.5536            0.549515  0.116240
107948       128.0         2.0         0.0001           1.0             19.0           2.0   49.0  195133.0           10.383993     1.875554         0.656049             0.765060             0.763982        1.490127              0.5528            0.552476  0.212260
53936         64.0         2.0         0.0001           1.0             19.0           2.0   37.0  133946.0           10.727036     3.468899         0.729070             0.738600             0.737450        1.476380              0.5524            0.546144  0.186200
161943       256.0         2.0         0.0001           1.0             19.0           2.0   44.0  948413.0           10.503665     1.192402         0.991570             0.643920             0.641022        1.312002              0.5523            0.552385  0.091620
52541         64.0         2.0         0.0001           1.0             10.0           1.0   42.0  717659.0           10.616709     3.019812         0.940937             0.667420             0.665505        1.329398              0.5520            0.548912  0.115420
        Batch Size  Dataset ID  Learning Rate  Optimizer ID  Architecture ID  Trial Number  Epoch      Seed  Data Load Time (s)  Runtime (s)  Loss (Training)  Accuracy (Training)  F1 Score (Training)  Loss (Testing)  Accuracy (Testing)  F1 Score (Testing)       Gap
159489       256.0         2.0         0.0001           1.0              3.0           1.0   40.0  582306.0           10.563419    -0.833674         1.234512             0.574820             0.571417        1.381719              0.5159            0.508313  0.058920
81958        128.0         1.0         0.0010           1.0              6.0           2.0    9.0   86227.0           11.819958     0.354775         0.265486             0.901583             0.901258        0.328916              0.8838            0.883741  0.017783
150501       256.0         2.0         0.0010           0.0              3.0           2.0    2.0  607867.0           10.492203     0.886358         2.252949             0.172620             0.122181        2.235929              0.1997            0.138111 -0.027080
159452       256.0         2.0         0.0001           1.0              3.0           1.0    3.0  582306.0           10.563419     0.913240         1.751118             0.388620             0.383685        1.721529              0.4017            0.386109 -0.013080
120586       256.0         0.0         0.0001           0.0              3.0           3.0   37.0  331482.0           11.766410     0.915840         2.088736             0.659583             0.619531        2.078983              0.6632            0.621799 -0.003617
159451       256.0         2.0         0.0001           1.0              3.0           1.0    2.0  582306.0           10.563419     0.916126         1.814288             0.367980             0.362018        1.782529              0.3801            0.373236 -0.012120
114032       256.0         0.0         0.0010           0.0              0.0           1.0   33.0  646172.0           11.826309     0.917943         0.675436             0.852100             0.849469        0.643393              0.8602            0.857550 -0.008100
120147       256.0         0.0         0.0001           0.0              0.0           3.0   48.0  830194.0           11.746107     0.919713         1.508888             0.761167             0.740605        1.486380              0.7691            0.750071 -0.007933
153453       256.0         2.0         0.0010           1.0              3.0           1.0    4.0  180456.0           10.422156     0.920073         1.603350             0.432980             0.427516        1.576251              0.4457            0.435840 -0.012720
108490       256.0         0.0         0.0100           0.0              3.0           1.0   41.0  256681.0           11.753593     0.921458         0.243787             0.931833             0.931074        0.233422              0.9333            0.932468 -0.001467
120043       256.0         0.0         0.0001           0.0              0.0           1.0   44.0  316470.0           11.757025     0.921477         1.550264             0.750583             0.726249        1.524922              0.7611            0.737415 -0.010517
114034       256.0         0.0         0.0010           0.0              0.0           1.0   35.0  646172.0           11.826309     0.922179         0.660181             0.854317             0.851761        0.628606              0.8622            0.859636 -0.007883
108103       256.0         0.0         0.0100           0.0              0.0           3.0    4.0  624315.0           11.765540     0.922218         0.661057             0.853000             0.850317        0.598010              0.8666            0.863997 -0.013600
108148       256.0         0.0         0.0100           0.0              0.0           3.0   49.0  624315.0           11.765540     0.922655         0.340668             0.905683             0.904357        0.321364              0.9110            0.909703 -0.005317
120092       256.0         0.0         0.0001           0.0              0.0           2.0   43.0  456492.0           11.854059     0.922951         1.556458             0.750483             0.725262        1.532883              0.7627            0.737479 -0.012217
120056       256.0         0.0         0.0001           0.0              0.0           2.0    7.0  456492.0           11.854059     0.923126         2.151034             0.364467             0.318838        2.136584              0.3797            0.332097 -0.015233
159454       256.0         2.0         0.0001           1.0              3.0           1.0    5.0  582306.0           10.563419     0.924609         1.658678             0.424640             0.419956        1.653516              0.4176            0.406288  0.007040
147552       256.0         2.0         0.0100           1.0              3.0           3.0    3.0  554458.0           10.636785     0.925642         1.990611             0.245620             0.225073        1.971592              0.2386            0.172217  0.007020
153506       256.0         2.0         0.0010           1.0              3.0           2.0    7.0   71756.0           10.530587     0.925899         1.505403             0.470200             0.464946        1.532406              0.4539            0.447123  0.016300
138584       256.0         1.0         0.0001           0.0              3.0           3.0   35.0  612923.0           11.813278     0.926353         1.827392             0.618050             0.555326        1.824507              0.6104            0.549101  0.007650
138499       256.0         1.0         0.0001           0.0              3.0           1.0   50.0  428926.0           11.895850     0.927953         1.675799             0.643100             0.580950        1.673539              0.6344            0.572903  0.008700
138507       256.0         1.0         0.0001           0.0              3.0           2.0    8.0  101966.0           11.773201     0.928654         2.211024             0.232050             0.231385        2.204709              0.2545            0.252252 -0.022450
138530       256.0         1.0         0.0001           0.0              3.0           2.0   31.0  101966.0           11.773201     0.928828         1.912279             0.621600             0.563086        1.908792              0.6187            0.560223  0.002900
138526       256.0         1.0         0.0001           0.0              3.0           2.0   27.0  101966.0           11.773201     0.929037         1.964196             0.608233             0.553134        1.960378              0.6038            0.548949  0.004433
138554       256.0         1.0         0.0001           0.0              3.0           3.0    5.0  612923.0           11.813278     0.929973         2.225314             0.202683             0.122579        2.218550              0.2080            0.127817 -0.005317
138595       256.0         1.0         0.0001           0.0              3.0           3.0   46.0  612923.0           11.813278     0.930070         1.690897             0.636067             0.570071        1.689299              0.6259            0.561444  0.010167
159553       256.0         2.0         0.0001           1.0              3.0           3.0    4.0  902308.0           10.445999     0.930378         1.691455             0.412400             0.407438        1.670991              0.4142            0.398874 -0.001800
138523       256.0         1.0         0.0001           0.0              3.0           2.0   24.0  101966.0           11.773201     0.930826         2.002965             0.593400             0.542155        1.998892              0.5886            0.537981  0.004800
138102       256.0         1.0         0.0001           0.0              0.0           3.0    3.0  642959.0           11.782845     0.931087         2.147602             0.266650             0.216279        2.124684              0.2928            0.246697 -0.026150
159453       256.0         2.0         0.0001           1.0              3.0           1.0    4.0  582306.0           10.563419     0.931785         1.699629             0.409100             0.403943        1.681979              0.4119            0.392552 -0.002800
variable         value  
Optimizer ID     1.0000     300
Learning Rate    0.0010     195
Batch Size       64.0000    158
Architecture ID  19.0000    126
Trial Number     3.0000     113
Learning Rate    0.0001     105
Dataset ID       0.0000     100
                 1.0000     100
                 2.0000     100
Trial Number     1.0000      98
Name: count, dtype: int64
                         sum_sq        df             F  PR(>F)  sum_sq_perc
C(Batch_Size)         72.932773       2.0   1014.688620     0.0     0.438057
C(Dataset_ID)       5591.094489       2.0  77786.977641     0.0    33.581847
C(Learning_Rate)    1169.533842       2.0  16271.322730     0.0     7.024583
C(Optimizer_ID)     3551.163639       1.0  98812.240460     0.0    21.329390
C(Architecture_ID)   443.365752      19.0    649.304785     0.0     2.662992
Residual            5821.066554  161973.0           NaN     NaN    34.963131
                       sum_sq       df           F        PR(>F)  sum_sq_perc
C(Batch_Size)        0.432748      2.0  102.353977  5.200507e-45     0.658385
C(Learning_Rate)     3.684602      2.0  871.485887  0.000000e+00     5.605775
C(Architecture_ID)   4.584689     19.0  114.144776  0.000000e+00     6.975173
Residual            57.026639  26976.0         NaN           NaN    86.760667
                          sum_sq        df             F    PR(>F)  sum_sq_perc
C(Batch_Size)       96953.770654       2.0  1.196421e+06  0.000000    83.529505
C(Dataset_ID)        1010.798255       2.0  1.247337e+04  0.000000     0.870843
C(Learning_Rate)        0.275629       2.0  3.401297e+00  0.033332     0.000237
C(Optimizer_ID)      1121.380446       1.0  2.767593e+04  0.000000     0.966114
C(Architecture_ID)  10422.197410      19.0  1.353801e+04  0.000000     8.979135
Residual             6562.863042  161973.0           NaN       NaN     5.654166
                             sum_sq        df             F         PR(>F)    eta_sq
C(Q("Batch Size"))         0.852054       2.0    549.184887  1.981894e-238  0.006736
C(Q("Dataset ID"))         8.358880       2.0   5387.651748   0.000000e+00  0.062376
C(Q("Learning Rate"))      2.955548       2.0   1904.975792   0.000000e+00  0.022982
C(Q("Optimizer ID"))      16.762358       1.0  21608.098458   0.000000e+00  0.117703
C(Q("Architecture ID"))    2.942863      19.0    199.663122   0.000000e+00  0.022885
Residual                 125.649623  161973.0           NaN            NaN  0.500000
                     Architecture ID       Gap  Runtime (s)  Accuracy (Training)  Accuracy (Testing)
Architecture ID             1.000000  0.071186     0.294986            -0.140129           -0.150250
Gap                         0.071186  1.000000     0.090867             0.279516            0.188625
Runtime (s)                 0.294986  0.090867     1.000000             0.115461            0.109257
Accuracy (Training)        -0.140129  0.279516     0.115461             1.000000            0.995629
Accuracy (Testing)         -0.150250  0.188625     0.109257             0.995629            1.000000
Multiple Comparison of Means - Tukey HSD, FWER=0.01 
====================================================
group1 group2 meandiff p-adj   lower   upper  reject
----------------------------------------------------
   0.0    1.0  -0.0035    0.0 -0.0054 -0.0016   True
   0.0    2.0   0.0021 0.0036  0.0001   0.004   True
   0.0    3.0   0.0058    0.0  0.0039  0.0078   True
   0.0    4.0  -0.0025    0.0 -0.0045 -0.0006   True
   0.0    5.0  -0.0005    1.0 -0.0024  0.0014  False
   0.0    6.0   0.0031    0.0  0.0012   0.005   True
   0.0    7.0   0.0045    0.0  0.0025  0.0064   True
   0.0    8.0   0.0002    1.0 -0.0017  0.0022  False
   0.0    9.0   0.0017 0.0788 -0.0003  0.0036  False
   0.0   10.0   0.0102    0.0  0.0083  0.0121   True
   0.0   11.0   0.0062    0.0  0.0043  0.0081   True
   0.0   12.0   0.0003    1.0 -0.0016  0.0023  False
   0.0   13.0   0.0044    0.0  0.0025  0.0063   True
   0.0   14.0   0.0041    0.0  0.0021   0.006   True
   0.0   15.0   0.0084    0.0  0.0064  0.0103   True
   0.0   16.0  -0.0032    0.0 -0.0051 -0.0013   True
   0.0   17.0   0.0043    0.0  0.0024  0.0062   True
   0.0   18.0   0.0071    0.0  0.0052  0.0091   True
   0.0   19.0   0.0126    0.0  0.0106  0.0145   True
   1.0    2.0   0.0056    0.0  0.0036  0.0075   True
   1.0    3.0   0.0093    0.0  0.0074  0.0113   True
   1.0    4.0    0.001 0.9055  -0.001  0.0029  False
   1.0    5.0    0.003    0.0  0.0011  0.0049   True
   1.0    6.0   0.0066    0.0  0.0046  0.0085   True
   1.0    7.0   0.0079    0.0   0.006  0.0099   True
   1.0    8.0   0.0037    0.0  0.0018  0.0057   True
   1.0    9.0   0.0051    0.0  0.0032  0.0071   True
   1.0   10.0   0.0137    0.0  0.0118  0.0156   True
   1.0   11.0   0.0097    0.0  0.0078  0.0116   True
   1.0   12.0   0.0038    0.0  0.0019  0.0058   True
   1.0   13.0   0.0079    0.0   0.006  0.0098   True
   1.0   14.0   0.0075    0.0  0.0056  0.0095   True
   1.0   15.0   0.0119    0.0  0.0099  0.0138   True
   1.0   16.0   0.0003    1.0 -0.0016  0.0022  False
   1.0   17.0   0.0078    0.0  0.0059  0.0097   True
   1.0   18.0   0.0106    0.0  0.0087  0.0126   True
   1.0   19.0   0.0161    0.0  0.0141   0.018   True
   2.0    3.0   0.0038    0.0  0.0018  0.0057   True
   2.0    4.0  -0.0046    0.0 -0.0065 -0.0026   True
   2.0    5.0  -0.0026    0.0 -0.0045 -0.0006   True
   2.0    6.0    0.001 0.8428 -0.0009   0.003  False
   2.0    7.0   0.0024 0.0002  0.0005  0.0043   True
   2.0    8.0  -0.0018 0.0252 -0.0038  0.0001  False
   2.0    9.0  -0.0004    1.0 -0.0023  0.0015  False
   2.0   10.0   0.0081    0.0  0.0062  0.0101   True
   2.0   11.0   0.0041    0.0  0.0022  0.0061   True
   2.0   12.0  -0.0017 0.0475 -0.0037  0.0002  False
   2.0   13.0   0.0024 0.0002  0.0004  0.0043   True
   2.0   14.0    0.002 0.0064  0.0001  0.0039   True
   2.0   15.0   0.0063    0.0  0.0044  0.0083   True
   2.0   16.0  -0.0053    0.0 -0.0072 -0.0033   True
   2.0   17.0   0.0022 0.0007  0.0003  0.0042   True
   2.0   18.0   0.0051    0.0  0.0032   0.007   True
   2.0   19.0   0.0105    0.0  0.0086  0.0125   True
   3.0    4.0  -0.0084    0.0 -0.0103 -0.0064   True
   3.0    5.0  -0.0063    0.0 -0.0083 -0.0044   True
   3.0    6.0  -0.0027    0.0 -0.0047 -0.0008   True
   3.0    7.0  -0.0014  0.321 -0.0033  0.0006  False
   3.0    8.0  -0.0056    0.0 -0.0075 -0.0037   True
   3.0    9.0  -0.0042    0.0 -0.0061 -0.0022   True
   3.0   10.0   0.0044    0.0  0.0024  0.0063   True
   3.0   11.0   0.0004    1.0 -0.0016  0.0023  False
   3.0   12.0  -0.0055    0.0 -0.0074 -0.0036   True
   3.0   13.0  -0.0014 0.2668 -0.0034  0.0005  False
   3.0   14.0  -0.0018 0.0321 -0.0037  0.0002  False
   3.0   15.0   0.0026    0.0  0.0006  0.0045   True
   3.0   16.0   -0.009    0.0  -0.011 -0.0071   True
   3.0   17.0  -0.0015 0.1498 -0.0035  0.0004  False
   3.0   18.0   0.0013 0.4247 -0.0006  0.0033  False
   3.0   19.0   0.0067    0.0  0.0048  0.0087   True
   4.0    5.0    0.002 0.0048  0.0001   0.004   True
   4.0    6.0   0.0056    0.0  0.0037  0.0076   True
   4.0    7.0    0.007    0.0   0.005  0.0089   True
   4.0    8.0   0.0028    0.0  0.0008  0.0047   True
   4.0    9.0   0.0042    0.0  0.0022  0.0061   True
   4.0   10.0   0.0127    0.0  0.0108  0.0147   True
   4.0   11.0   0.0087    0.0  0.0068  0.0107   True
   4.0   12.0   0.0029    0.0  0.0009  0.0048   True
   4.0   13.0   0.0069    0.0   0.005  0.0089   True
   4.0   14.0   0.0066    0.0  0.0046  0.0085   True
   4.0   15.0   0.0109    0.0   0.009  0.0128   True
   4.0   16.0  -0.0007 0.9983 -0.0026  0.0013  False
   4.0   17.0   0.0068    0.0  0.0049  0.0088   True
   4.0   18.0   0.0097    0.0  0.0077  0.0116   True
   4.0   19.0   0.0151    0.0  0.0132   0.017   True
   5.0    6.0   0.0036    0.0  0.0017  0.0055   True
   5.0    7.0   0.0049    0.0   0.003  0.0069   True
   5.0    8.0   0.0007 0.9941 -0.0012  0.0027  False
   5.0    9.0   0.0021 0.0016  0.0002  0.0041   True
   5.0   10.0   0.0107    0.0  0.0088  0.0126   True
   5.0   11.0   0.0067    0.0  0.0048  0.0086   True
   5.0   12.0   0.0008 0.9782 -0.0011  0.0028  False
   5.0   13.0   0.0049    0.0   0.003  0.0068   True
   5.0   14.0   0.0045    0.0  0.0026  0.0065   True
   5.0   15.0   0.0089    0.0  0.0069  0.0108   True
   5.0   16.0  -0.0027    0.0 -0.0046 -0.0008   True
   5.0   17.0   0.0048    0.0  0.0029  0.0067   True
   5.0   18.0   0.0076    0.0  0.0057  0.0096   True
   5.0   19.0   0.0131    0.0  0.0111   0.015   True
   6.0    7.0   0.0014 0.3556 -0.0006  0.0033  False
   6.0    8.0  -0.0029    0.0 -0.0048 -0.0009   True
   6.0    9.0  -0.0014  0.247 -0.0034  0.0005  False
   6.0   10.0   0.0071    0.0  0.0052   0.009   True
   6.0   11.0   0.0031    0.0  0.0012   0.005   True
   6.0   12.0  -0.0028    0.0 -0.0047 -0.0008   True
   6.0   13.0   0.0013 0.4179 -0.0006  0.0033  False
   6.0   14.0    0.001 0.9129  -0.001  0.0029  False
   6.0   15.0   0.0053    0.0  0.0034  0.0072   True
   6.0   16.0  -0.0063    0.0 -0.0082 -0.0043   True
   6.0   17.0   0.0012  0.602 -0.0007  0.0031  False
   6.0   18.0   0.0041    0.0  0.0021   0.006   True
   6.0   19.0   0.0095    0.0  0.0075  0.0114   True
   7.0    8.0  -0.0042    0.0 -0.0061 -0.0023   True
   7.0    9.0  -0.0028    0.0 -0.0047 -0.0009   True
   7.0   10.0   0.0058    0.0  0.0038  0.0077   True
   7.0   11.0   0.0018 0.0402 -0.0002  0.0037  False
   7.0   12.0  -0.0041    0.0 -0.0061 -0.0022   True
   7.0   13.0     -0.0    1.0  -0.002  0.0019  False
   7.0   14.0  -0.0004    1.0 -0.0023  0.0015  False
   7.0   15.0   0.0039    0.0   0.002  0.0059   True
   7.0   16.0  -0.0076    0.0 -0.0096 -0.0057   True
   7.0   17.0  -0.0002    1.0 -0.0021  0.0018  False
   7.0   18.0   0.0027    0.0  0.0008  0.0046   True
   7.0   19.0   0.0081    0.0  0.0062  0.0101   True
   8.0    9.0   0.0014  0.289 -0.0005  0.0033  False
   8.0   10.0     0.01    0.0   0.008  0.0119   True
   8.0   11.0    0.006    0.0   0.004  0.0079   True
   8.0   12.0   0.0001    1.0 -0.0018   0.002  False
   8.0   13.0   0.0042    0.0  0.0022  0.0061   True
   8.0   14.0   0.0038    0.0  0.0019  0.0057   True
   8.0   15.0   0.0081    0.0  0.0062  0.0101   True
   8.0   16.0  -0.0034    0.0 -0.0054 -0.0015   True
   8.0   17.0   0.0041    0.0  0.0021   0.006   True
   8.0   18.0   0.0069    0.0   0.005  0.0088   True
   8.0   19.0   0.0123    0.0  0.0104  0.0143   True
   9.0   10.0   0.0086    0.0  0.0066  0.0105   True
   9.0   11.0   0.0046    0.0  0.0026  0.0065   True
   9.0   12.0  -0.0013 0.4164 -0.0033  0.0006  False
   9.0   13.0   0.0028    0.0  0.0008  0.0047   True
   9.0   14.0   0.0024 0.0001  0.0005  0.0043   True
   9.0   15.0   0.0067    0.0  0.0048  0.0087   True
   9.0   16.0  -0.0048    0.0 -0.0068 -0.0029   True
   9.0   17.0   0.0026    0.0  0.0007  0.0046   True
   9.0   18.0   0.0055    0.0  0.0036  0.0074   True
   9.0   19.0   0.0109    0.0   0.009  0.0129   True
  10.0   11.0   -0.004    0.0 -0.0059 -0.0021   True
  10.0   12.0  -0.0099    0.0 -0.0118 -0.0079   True
  10.0   13.0  -0.0058    0.0 -0.0077 -0.0039   True
  10.0   14.0  -0.0062    0.0 -0.0081 -0.0042   True
  10.0   15.0  -0.0018 0.0253 -0.0038  0.0001  False
  10.0   16.0  -0.0134    0.0 -0.0153 -0.0115   True
  10.0   17.0  -0.0059    0.0 -0.0078  -0.004   True
  10.0   18.0  -0.0031    0.0  -0.005 -0.0011   True
  10.0   19.0   0.0024 0.0002  0.0004  0.0043   True
  11.0   12.0  -0.0059    0.0 -0.0078 -0.0039   True
  11.0   13.0  -0.0018 0.0299 -0.0037  0.0001  False
  11.0   14.0  -0.0022 0.0016 -0.0041 -0.0002   True
  11.0   15.0   0.0022 0.0012  0.0002  0.0041   True
  11.0   16.0  -0.0094    0.0 -0.0113 -0.0075   True
  11.0   17.0  -0.0019 0.0126 -0.0038     0.0  False
  11.0   18.0   0.0009 0.9234  -0.001  0.0029  False
  11.0   19.0   0.0064    0.0  0.0044  0.0083   True
  12.0   13.0   0.0041    0.0  0.0021   0.006   True
  12.0   14.0   0.0037    0.0  0.0018  0.0057   True
  12.0   15.0   0.0081    0.0  0.0061    0.01   True
  12.0   16.0  -0.0035    0.0 -0.0055 -0.0016   True
  12.0   17.0    0.004    0.0   0.002  0.0059   True
  12.0   18.0   0.0068    0.0  0.0049  0.0088   True
  12.0   19.0   0.0122    0.0  0.0103  0.0142   True
  13.0   14.0  -0.0004    1.0 -0.0023  0.0016  False
  13.0   15.0    0.004    0.0   0.002  0.0059   True
  13.0   16.0  -0.0076    0.0 -0.0095 -0.0057   True
  13.0   17.0  -0.0001    1.0 -0.0021  0.0018  False
  13.0   18.0   0.0027    0.0  0.0008  0.0047   True
  13.0   19.0   0.0082    0.0  0.0062  0.0101   True
  14.0   15.0   0.0043    0.0  0.0024  0.0063   True
  14.0   16.0  -0.0072    0.0 -0.0092 -0.0053   True
  14.0   17.0   0.0002    1.0 -0.0017  0.0022  False
  14.0   18.0   0.0031    0.0  0.0012   0.005   True
  14.0   19.0   0.0085    0.0  0.0066  0.0105   True
  15.0   16.0  -0.0116    0.0 -0.0135 -0.0096   True
  15.0   17.0  -0.0041    0.0  -0.006 -0.0022   True
  15.0   18.0  -0.0012 0.5439 -0.0032  0.0007  False
  15.0   19.0   0.0042    0.0  0.0023  0.0061   True
  16.0   17.0   0.0075    0.0  0.0056  0.0094   True
  16.0   18.0   0.0103    0.0  0.0084  0.0123   True
  16.0   19.0   0.0158    0.0  0.0138  0.0177   True
  17.0   18.0   0.0029    0.0  0.0009  0.0048   True
  17.0   19.0   0.0083    0.0  0.0063  0.0102   True
  18.0   19.0   0.0054    0.0  0.0035  0.0074   True
----------------------------------------------------
Total Runtime (h): 87.49529306014378
Total Loadtime (h): 10.18438494304816
Total Time (h): 97.67967800319194